2.144261235635889
3.0854741092242652
3.091486829824928
3.09349262523026
3.105735483017024
2.9171966344428943
3.0811541086120227
2.2852512787977224
1.1194014516627893
3.067194740143795
3.1129668805522854
3.0910528511435396
3.105437463464982
3.09047276216771
2.052954768334287
3.0866299166115265
2.8997415389717927
2.3897791169285694
3.032955445578104
3.095712233867139
3.079757599417262
3.08962128596211
3.0870220756650877
3.1342932152897474
3.1157459400927077
3.1043150422450365
3.0841836088427996
3.068623568286381
3.058205941903643
3.098815869234685
3.111953022063849
2.946013756303319
3.0666656047358862
3.099522688662024
3.068358224003886
3.033950950829437
3.0925496830329595
3.0851436129418355
2.785415358672002
1.5529290828047522
2.9892843675430476
3.091771856917408
3.0868166352724806
3.0849519021558875
3.10518665321739
2.9594088746299594
3.119209725949634
2.8457203151394346
3.083957472669344
3.122184958638417
3.1122186331184634
3.0963298009597806
1.6488837179634324
3.0964465647372528
3.1121219472517336
3.111061470768326
3.1094286931409187
3.093278097087805
3.065328445374236
3.0519955529582954
3.08576493258513
3.0503409669186423
3.096383538616932
3.092456612304897
3.0427495404062332
3.044562307999894
3.0907291366946437
3.1095873782676553
3.110253690588682
3.1076686887841505
3.1094870059312054
3.0934550175127686
2.249754470683124
3.079427186796532
3.0947619754749756
3.09346911695641
3.072330047628225
3.1113633716900138
3.101058326355942
3.036277649323449
2.9123120300594456
3.118316115440432
3.0733465120605916
3.0775911854748936
3.0979016234966967
2.7214188496717604
2.820415784001707
3.0857963002663955
2.1533252474423303
3.0978127876017982
3.1002891821187815
3.1076586555786054
1.061513729763879
3.0886508131748918
3.112176402050327
3.0260199270014834
3.01808884240029
3.0499210015744787
3.102447195916164
3.094011826847848
