1.5999761576951634
1.597038610439303
1.6099955611238776
1.5919442307717748
1.5477580032486933
1.5968309955551225
1.590310026940391
1.5683118542801076
1.553104602288625
1.5877928241894592
1.5833373895027485
1.5920885809790382
1.6032922290329972
1.5992966735548535
1.5669354632057528
1.5871685076141935
1.6009818730288492
1.5812069370801383
1.6148253753244606
1.5738999031623995
1.6081779846596187
1.5675616486565542
1.5713872013155683
1.6439889697257812
1.6196430978016556
1.6016214265045279
1.5834630105905898
1.5902957975282503
1.5772190395416876
1.5979362966828874
1.5220966874876876
1.6095294088388181
1.619845577967018
1.6092195387763004
1.589951320407188
1.573266362533186
1.6039020585479289
1.6105421019011246
1.6066476922138047
1.5740804006844904
1.6261606812295044
1.6106835740893004
1.5762228841212296
1.5647879079889782
1.616092042933527
1.6302948772984198
1.5764838772136347
1.5663868385823871
1.5568302505230074
1.5916318528215263
1.600899074048192
1.6096901449523862
1.5986631576931059
1.6207860972631432
1.592657941819386
1.5927413206147176
1.6098608683347413
1.5521793911687647
1.585369928011866
1.6005029715981594
1.5805237525767364
1.6060893684965198
1.5794046548615324
1.584662222083426
1.6152402824613628
1.55866554397823
1.5802150091902405
1.5927790571565117
1.5838077058915205
1.57832959228271
1.597365329151975
1.6006462533955177
1.5864095300805938
1.5865383478033341
1.5655957154227296
1.6014785648632475
1.5893602518952399
1.5930897441787866
1.5952312015669041
1.6039693034718567
