1.5673068918923394
1.5605494644214897
1.2420598175098843
1.588854280299432
1.6148357347970048
1.5644838669235157
1.5618184129203776
1.5436587372709138
1.623931189411853
1.1423447305566348
1.6077192994687648
1.5932815760051162
1.5641000842140924
1.5776052118055182
1.5958350838512265
1.6210079346031772
1.6230466759361644
1.6017441474508
1.6099486048983462
1.5906605379206944
1.6023334085877252
1.5726317417843543
1.4295247037818226
1.4963151701373096
1.5814587170363619
1.590792168948148
1.588173469420469
1.5649545327677936
1.5686678347729348
1.5572200729158325
0.9846682843628618
1.5820013238007187
1.5286424599878963
1.5252392733568199
1.4811737095202657
1.5808857250042672
1.593051580053356
1.5719707560515923
1.568390563357064
1.6029670185123934
1.6045335565796202
1.514503842632139
1.553280837278964
0.49171523886781876
1.6100155589362504
1.1007239922951266
1.6074704086555989
1.478341006053917
0.4964877731689774
1.5758685759176
1.6055852169745495
1.6082599403234754
1.5476339319474448
1.556026176313587
1.5993382595581584
1.6140901036762436
1.5832379044926435
1.1194014516627828
1.5907642302762137
1.59179768255003
1.5677978418281344
1.59132510703021
1.6292572831610164
1.6200319346896048
1.5785124445318766
1.1007239922951295
1.6219540045423018
0.886885590611751
1.6342296485371635
1.553208044619303
1.519661314979655
1.4848391782311559
1.5759661750165597
1.6212947486321947
1.5298933557222112
0.6369790354712797
0.4964877731689761
1.5571759734032748
1.6200529777398827
1.5626866456526782
1.5768951057241734
1.5664834459643164
1.2085548862248385
1.596325869376352
1.596681091029481
1.542839611778446
1.1263796434377915
1.5891038932242836
1.5725040270174881
1.5876101614368179
1.5970531617593546
1.614123188365589
1.6359388690585517
1.573548323578954
1.6005824856785402
1.5374958933611484
1.5699959937629755
1.5414429471599398
1.5853182467683107
1.5842806643302354
