1.5761122695980392
1.579043510145833
1.5996667608888764
1.6000530645947983
1.5588149056809635
1.6024727320897147
1.61647969857205
1.586992605694479
1.6106308951368415
1.6092856396389954
1.5770052427529526
1.6044177295012978
1.5760185762725536
1.572683873141004
1.582123038450709
1.5984502574195605
1.6119767913804757
1.606103880928996
1.5959248792722707
1.6080669682950348
1.5974440488229078
1.5720008334168134
1.5849835096124019
1.5815165303948762
1.5648108679275348
1.5778230472689376
1.5792040900793518
1.607196159660044
1.6061130411956603
1.6050472854670708
1.6241124798280984
1.5962050186009824
1.588631811840175
1.5778786417691708
1.5986639702478533
1.5721377679250588
1.580712985646271
1.5958279107476252
1.6152996876825476
1.592869008779883
1.5873583863475145
1.586360896282923
1.5809069884725067
1.5839967109812623
1.576530439544852
1.5441121200543728
1.6313926200736284
1.5651146556313478
1.556697541612949
1.6067538051367878
1.6070443696386616
1.6064211951451535
1.584321240443837
1.5994674578078762
1.5837887335335306
1.5927192065356732
1.581957080638745
1.619905686247666
1.6173825750412103
1.5846945603430749
1.564265717687435
1.5642511906861274
1.5302811611629648
1.5836109915783352
1.5509316538041253
1.539499686357792
1.6100067989084792
1.584438081380013
1.587766818958689
1.6117049791279183
1.5594932431313797
1.5719861166423001
1.5939912380907968
1.5969949342303478
1.6023612202481976
1.5564081901536202
1.5935416805491274
1.5640395636944247
1.5472883229648535
1.6209057596652068
