1.5918476044515928
1.627850699137111
1.6000820600924297
1.5735185311811475
1.5957364102689446
1.5775532653593713
1.6079710469786677
1.5867350600125087
1.5795209244468866
1.5890280327717896
1.5955710824490987
1.5974457522456813
1.608856986354458
1.608543499084102
1.553460557382412
1.563417997062147
1.5750750323877947
1.6094311943324167
1.5829471558481543
1.5897772679024884
1.612383249301442
1.5933360654322306
1.5823706666031598
1.6020402803484242
1.6111958982436603
1.6089906079312954
1.6138539560061518
1.5716131911959064
1.5759229609677248
1.62910447173447
1.5821176780011412
1.6159523071877628
1.6046539083311275
1.6019343489181583
1.594105601143092
1.6083198007738342
1.5919836320570515
1.5929366718053237
1.6074093182181302
1.5475725157366522
1.5764423357186574
1.622910395991756
1.5567526007256292
1.586159847550158
1.5520771954681738
1.5934950200876292
1.5636874742054756
1.5653885970696706
1.5779669385708988
1.5941942957527853
