1.5666662480172255
1.587291799656957
1.5708781306125448
1.614991781396717
1.5510264525600612
1.5772488418000168
1.606230614119816
1.6042905008929043
1.5988106898014638
1.5998060932354279
1.5883856520191637
1.6107124883564117
1.6173405301925174
1.5915033962882155
1.6296910716329824
1.604475074055037
1.5980685728861381
1.608345396625181
1.5956102891151662
1.6079022241103615
1.5487661940378659
1.5767994536397025
1.5461039410922832
1.5473350421942156
1.5713050372643416
1.613901288308146
1.6067481686393301
1.62478913470855
1.5799092480949688
1.608079755668674
1.6126254719314752
1.5787345341393495
1.5963836531355802
1.5985821954708097
1.582461635512996
1.5911683955056342
1.5912662419708106
1.5656380425217202
1.5938003729986812
1.5762491787265533
1.5604021593851618
1.556845875497896
1.5933867538911772
1.6064323086959664
1.5804913641799012
1.5711126611928816
1.5826862609951786
1.6014786338046987
1.600266323421613
1.5870580855494603
1.5870999384521007
1.598903231834853
1.5977189922341748
1.6287000949872628
1.5913114667215003
1.5850218300207168
1.609892012659306
1.5893862402918497
1.5822524895151173
1.6068023695871982
1.588305660159774
1.6000871119004505
1.613884624707275
1.598440608560578
1.5625188559460441
1.5951488257021302
1.590187416102514
1.579718080768584
1.583636212040263
1.599354911658092
1.5837279402607654
1.6131988502335615
1.5997086216856489
1.5938566958731477
1.5626948860965788
1.6032296301253104
1.5754122082766808
1.62370381290834
1.5715134633702328
1.5851656359895006
