3.1036841056871656
3.118975704537069
3.0890205910029795
3.0859922431489206
3.101142140303603
3.099590789063711
3.0884132079381037
3.0881182923018065
3.104451477272819
3.1161696405261643
3.1037576678830217
3.0970398933652596
3.081612502742763
3.0890473285292153
3.0966847014093575
3.0976696128871257
3.0562113139601346
3.1040190605113644
3.118857261977077
3.1020598176995797
3.1116438420070245
3.1058881642181633
3.0986932344651708
3.081399345612549
3.110299144257182
3.1238260146066574
3.085282634289872
3.1066368053670317
3.093108618898839
2.805251924943651
3.0957807152675487
3.087627145413191
3.11449669368002
3.08619167270735
3.107661830851071
3.116107677157141
3.0993108784943386
3.130122194877225
3.0495655590696176
3.1012019187390036
3.0750743307993322
3.0796985296265396
3.0940324612925934
3.0925386615240393
3.0740831437757232
3.100410872668496
3.0787435665491856
3.1054616554208514
3.0961632032835156
3.068821743752312
3.097366721187553
3.108648428841984
3.0951977710923724
3.100620887966662
3.101971479421011
3.1044583771305865
3.1014231765866973
3.1054944247388407
3.0815547240385457
3.0875281492193856
3.1086048541382993
3.071841443872637
3.099433966176507
3.1043604124894815
3.120698803141881
3.0949648383290618
3.0992306531093865
3.1111728976916093
3.028147084686897
3.112125130376881
3.110635868407875
3.087900173687693
3.091298045441812
3.0919666089112505
3.064597532484393
3.095678932025715
3.106660196084834
3.1096470605701363
3.091200673805262
3.1145922329574103
