1.596524170418022
1.5789753828448148
1.5615454559876376
1.5981027985031409
1.5879591070881807
1.5861917671085486
1.5611406089949127
1.6020185931574082
1.6258530359334213
1.579084869479324
1.5776367936044364
1.5952019359948748
1.6038084737119132
1.6023217024952952
1.5913080256888286
1.560098063297132
1.6230656972809667
1.5816943219957795
1.5875703200899056
1.6050935587308879
1.601434691612301
1.6205864697998908
1.6283753133376857
1.626053561259857
1.5886416031765602
1.5895320836642104
1.582800529075557
1.589818549814789
1.5906170128074737
1.5922468473052844
1.5858408828637844
1.5842792840085873
1.582338859811621
1.5937678904762054
1.5202055993138983
1.5668462899610547
1.600727293239811
1.5887055496041942
1.5898089460043718
1.5969641798133898
1.5958669935178493
1.6225686301715183
1.5839629921517213
1.595398664665899
1.5924835963829787
1.597403182398312
1.604210568400759
1.60571705871277
1.626980603942846
1.6205797075212902
1.5993189562914139
1.5958979846990857
1.6165858177982368
1.616182755281613
1.6142726692138911
1.5901612534360656
1.596979246750064
1.5962714837969307
1.5254069916097985
1.5766758737017548
1.5838812142732297
1.6054220477055
1.580258023756803
1.5997737955665996
1.584293559634351
1.5937619187929117
1.6017745006087352
1.5435240377476527
1.5832856547781238
1.576745341111506
1.6231664833250106
1.5987012183128262
1.6067236072179538
1.6221725397984592
1.5741480173810913
1.6038615998482153
1.5913491997396423
1.5812390354725077
1.614709176614646
1.6052724680965
