1.5654078341119582
1.5658168529690188
1.6600463013379487
1.5731176449298099
1.553670262164633
1.5784915918644558
0.4964877731689802
0.4964877731689824
1.6106907436806175
0.4917152388678113
0.6369790354712723
1.5476826167657758
1.565896083259236
0.4917152388678204
1.5394190103145928
1.5872552489781686
0.4988740403195574
1.505859139738405
1.5909643035648466
1.5841373820535352
1.6323134413336375
0.49171523886781787
1.57679836478943
1.286577177418507
1.5338879517705801
1.6942140099016911
1.6083802204390243
0.4917152388678161
0.8868855906117517
1.5248463740642415
1.5983655552596843
0.6379404859861719
1.070140234050392
1.5847534181128888
2.220446049250313e-15
1.0615137297638824
0.6369790354712765
1.5920739730007787
1.5769008662753068
1.6034608028626547
1.35659746321163
1.6007158247100697
1.1810561259161152
1.5682721753379636
1.6168422126844115
0.49648777316897474
1.5957657423500695
1.5716627364864415
1.6497548329802716
1.560119388566004
1.5414432476064
1.5698319138393555
1.6194386133258818
1.5851319877638432
1.100723992295129
1.1194014516627808
0.49171523886781954
1.5754656565161178
1.6354334094194227
1.6247285835792784
1.51529957145214
1.1263796434377873
6.328271240363392e-15
1.6019905536675774
0.19541894257152115
1.1423447305566423
1.6334265483669381
0.6369790354712781
1.5886310860856563
1.6090325016050753
1.100723992295122
1.4923810865183798
1.0615137297638768
0.6369790354712768
0.4964877731689765
0.49648777316897463
1.3736639740478842
1.6013095613597796
1.5880827542116203
2.9976021664879227e-15
0.6369790354712757
1.1423447305566359
0.49648777316897563
1.5608728791056272
1.0648394604539742
1.5375791969053716
1.5822265699424571
1.5819322218703302
1.5862326365024564
1.605517944756027
1.6060531522605257
1.5868784631779986
0.9606425662558453
1.602170545399074
1.6215866158299654
1.4753192793478396
1.5755563105281394
1.3345723336926982
1.5353181350788678
0.4917152388678143
