1.6041255580438682
1.587934730536051
1.5432241507594067
1.5683490716120492
1.5952417758816688
1.6029873031709387
1.6081174408288081
1.6131432451346286
1.583582549900937
1.6032577125864842
1.5767412668417413
1.5832382067117696
1.5718959562539054
1.6183639759350403
1.5990546242757038
0.49171523886782176
1.557056159867301
1.5704722023147788
1.5791605201270453
1.5640139337295023
1.6198093593782477
1.597888735003428
1.5979580612259774
1.6136857033931675
1.604850141906493
1.586727332597167
1.5173655756122915
1.5835580628382524
1.6068499721940182
1.5833738732662987
1.583036020547905
1.5949751445786613
1.601019354515551
1.6059430300288424
1.5881957757453082
1.5887696860928782
1.5881111375016053
1.5897836006008639
1.5992095609443053
1.5784549800489929
1.599848984986786
1.5858615458803107
1.6327858702489197
1.5850058553078727
1.5738931081357364
1.659266584744726
1.5857274331601068
1.5953873681184327
1.604242621255497
1.5834739128701458
1.5801481395795074
1.579741088635012
1.5994541588615205
1.5997835592180394
1.6171491875866142
1.609498703810388
1.6079030007293977
1.6120699675221202
1.6115578402598594
1.5880421147125992
1.603637636565657
1.5937150452324098
1.5771330614423338
1.6318628200835739
1.5872421134034695
1.5842417966052524
1.6194090301112984
1.5742300729744785
1.5799961689482953
1.5677885043157809
1.597227836842102
1.5803207952707745
1.600956119400165
1.6100744531401063
1.595277243078256
1.607558341683342
1.6108092711052877
1.6068780545714176
1.598187724788375
1.6055583495754964
