3.110828972290581
3.0911246043776943
3.108944365316228
3.0910364658385063
3.0892959800605824
3.076677932640205
3.099922374376402
3.090973188102988
3.1127237736436495
3.0965843920372746
3.1127888027187023
3.0962368708648262
3.1010201676556064
3.108143227734415
3.1081885708210586
3.091078238174403
3.10699995056745
3.1109621919085213
3.096967348637157
3.10983509513366
3.0847425981208234
3.1021196170272853
3.1022871541107313
3.110549929089567
3.1016124727718033
3.0986270251919703
3.116249805024235
3.1103022282393478
2.2214463105841533
3.093660478078459
3.076372134899848
3.111045173640778
3.1202391410830006
3.0999272408462826
3.12003210412566
3.055099060476815
3.0963108940512902
3.093858141747408
3.103364124139119
3.112983035194903
3.0922774561789366
3.094789448863453
3.0864786588249347
3.097838775240179
3.092850708665529
3.100672901484309
3.119728872653538
3.0897445877114094
3.091887668764196
3.0828770475366283
3.0762286038845184
3.090505359407689
3.1038311826077405
3.128315392779874
3.0951967818687423
3.1136215850223135
3.1015365928633076
3.1050039549059205
3.0908261866560824
3.098849143499976
3.0833888697634415
3.0908620728222425
2.3495025055436676
3.1167896706543488
3.121645301224381
3.1077718833453534
3.0866826360509885
3.1097975453906415
3.096283239086807
3.0977104505942616
3.1031176988731697
3.10903712829714
3.109026040772108
3.0738380165491903
3.09711288100268
3.111409803504353
3.0852838734312042
3.1064142807369106
3.090560990862724
3.107879538657783
