0.49648777316898096
1.1102230246251565e-15
1.1102230246251565e-15
0.49743501073907026
1.1102230246251565e-15
0.4917152388678322
1.4872805781581304
1.1102230246251565e-15
2.108082932179764
0.4970128118849242
0.2931284138572803
7.771561172376096e-15
1.4763438215829905
0.49648777316897297
1.1252893152792338
2.915422114349021
0.6366596764789503
1.2029143526493697
0.6366596764789498
0.4964877731689834
1.1433620961996902
0.4917152388678119
1.0821205045914406
1.4226859161143568
0.4917152388678119
0.49648777316897286
1.887379141862766e-15
2.1094237467877974e-15
0.49701281188492474
0.4972753312429078
0.4917152388678119
1.6163617355451807
1.3322676295501878e-15
0.49727533124290824
1.1102230246251565e-15
0.636979035471275
1.1102230246251565e-15
0.6369790354712734
0.4964877731689765
1.1102230246251565e-15
0.4917152388678132
0.6369790354712732
1.5500618957952068
1.1263796434378004
0.4970128118849241
0.4972753312429079
1.6157263533647988
1.103428441933323
1.4777546925512863
1.1034284419333227
1.1102230246251565e-15
0.49887404031956173
3.6637359812630166e-15
0.4970128118849251
1.1102230246251565e-15
1.767441357068853
0.49887404031957083
0.49701281188492796
1.1102230246251565e-15
1.1263796434377842
1.887379141862766e-15
0.6366596764789496
2.887976331595962
0.8868855906117528
0.4970128118849245
1.4866834241936029
0.49648777316897297
2.4424906541753444e-15
3.074550229946401
0.6369790354712719
0.636979035471273
1.8681956154017718
0.4964877731689731
1.8093383322582808
0.49171523886781476
0.6366596764789512
1.1194014516627804
0.4917152388678122
0.6398633870159636
1.4780385473867537
1.4781237143824932
3.885780586188048e-15
1.9986835714510653
1.586397334113049
1.9984014443252818e-15
1.1102230246251565e-15
0.49701281188492374
0.4964877731689733
1.9029402605534385
1.3942880105081197
0.49701281188493174
1.1102230246251565e-15
0.6366596764789498
1.8943928185076326
0.49648777316897297
1.1102230246251565e-15
2.003318555301476
1.1102230246251565e-15
1.468626156391503
1.477754692551275
