1.5677380326603703
1.6011696867250182
1.5762364864100848
1.5562165937316244
1.5612365830830592
1.573735569485116
1.5792231135815271
1.5736841634977567
1.5999515364516195
1.5483952608728933
1.600989570736151
1.588962202543843
1.5947008564372007
1.5864859073096977
1.5873215969534815
1.5943598702127497
1.5878761993340444
1.6225630330632863
1.5863577311930714
1.5735091051229748
1.5924609213088265
1.6033732262879221
1.5662320791671154
1.6097999911192176
1.5943293986672362
1.604361437447734
1.5815777193024156
1.6238516289227292
1.5814616297630306
1.5896364987443978
1.5650135727669032
1.580041426744467
1.624181238753383
1.6240120585530216
1.5903263758195187
1.5794071198016941
1.5839303281562556
1.5813472344163602
1.6241712150460499
1.5783595326880615
1.5874849614354885
1.5853695102284058
1.5880414053950456
1.589305952271626
1.5895203511415121
1.5791370120443204
1.5798272828177415
1.5898905898857647
1.6047018216555369
1.5784789807956447
1.5791545599880545
1.5839519048080484
1.5608569780413295
1.568928815304552
1.5898403355187316
1.5839565868894216
1.5721994371695067
1.5924419395014597
1.588261304279135
1.6366519877291879
1.5873154288957445
1.5865463534347373
1.5823234050668624
1.5936567960776737
1.5735874998218882
1.5993997343179225
1.610657389247236
1.5688379506447276
1.5795420330704601
1.5792935202488385
1.5914215776989593
1.5921728603404346
1.6092962692395245
1.560040879212989
1.5961978816671665
1.6037159097334794
1.5985636519475102
1.5954871353029323
1.605124480563167
1.5872031810097007
