1.6040212375537646
1.5651029903552938
1.5892980088234032
1.6031416435854116
1.5914470659897662
1.614461683189528
1.565696395577703
1.6157711967308543
1.5947597970856622
1.5967924867302261
1.5918798443361926
1.6099780815785962
1.5936192613737439
1.5867773110246257
1.6003268822400005
1.6052764074880814
1.593176204344267
1.5984449710641893
1.587654068893385
1.6124830972273831
1.5958683261716673
1.6150236433620115
1.6132546654933848
1.6150221115830643
1.5785713051068986
1.573610341166674
1.572502683629767
1.5875157204494834
1.5969944155292484
1.5872823265588658
1.5897155804105347
1.5991480869868209
1.6155660966961625
1.6104257500446924
1.59345545440924
1.6010863942314586
1.6247691796448898
1.592110217562949
1.5979445252559885
1.627257733508956
1.577044567864347
1.575018179104573
1.5560612126364353
1.5790965700811577
1.5742513535923988
1.5827637347533932
1.6112478046573964
1.5753324282499581
1.6074886459021558
1.6092227339640854
1.6286402824299837
1.6352091629172447
1.5872992617682904
1.606691269098567
1.5669679215215324
1.5701669278317434
1.5855249098005477
1.5860906220220916
1.595078723242524
1.5972806624547973
1.5746449840875356
1.5593761486053745
1.6016225005476121
1.6253043155237568
1.6303648077792174
1.584957224863083
1.5939528814066626
1.6108538831949
1.5762508131444997
1.5721307259366575
1.5899310573472412
1.5774942848090756
1.550562080477575
1.6044829787296049
1.6117875068947805
1.5672671773046147
1.5888949094113545
1.6157965183218246
1.5787126240074199
1.5757079295859344
