3.109278828017908
3.0745500532564582
3.0956626774112617
3.1022867275160424
3.095634965708483
3.1123044351150457
3.1103650573139823
3.0917066194163274
3.1090751880788816
3.100000505439066
3.1015660652385937
3.0849320902015274
3.0924086956084906
3.104524323462242
3.1193012476004354
3.0861059110797595
3.1022714679588073
3.0964524051962834
3.086436138410111
3.1003433092011634
3.1086433752023077
3.0929762527699993
3.105308085024498
3.0971775928491074
3.0956357899552915
3.1070209598030356
3.087808158586598
3.1205523591889186
3.1029622604993743
3.098086868392852
3.07621540437461
3.1209088492539623
3.1088942308250536
3.1216305727975335
3.084373548064485
3.1152978361272345
3.1069026360575256
3.1225597794124487
3.096339538129157
3.104140859713928
3.1022062508050565
3.1350970304781494
3.12498684213781
3.10720227624069
3.110455735259577
3.1050669091560406
3.0837712683797385
3.088030088271091
3.105518309248512
3.07544381983751
3.084350444361517
3.088211424116809
3.1235322768955336
3.0897533811927222
3.093091313868353
3.086474554288318
3.0940048783051766
3.1064941173454983
3.0888830749809477
3.08730049027333
3.11004282440375
3.107001895921478
3.095112624964321
3.120379862993366
3.091906477168756
3.1045133184526446
3.116069759464745
3.1145186070181006
3.0964836417388795
3.102127891631969
3.1119207667530557
3.113375529493653
3.076614347319541
3.1244540562859693
3.095065553619902
3.104060983426266
3.0962054854396777
3.094614499213279
3.122233446905575
3.1116598949740046
