3.112911213744161
3.1015279798682753
3.104484370342307
3.0952471059817386
3.1011414212014645
3.0976030443319256
3.090861231377823
3.0955120094689
3.0905512131415493
3.099153867163842
3.10381135328246
3.1305374051277908
3.1114166121329725
3.103554716842206
3.1080689633674683
3.1078182521067643
3.1078579663101564
3.0865011720524897
3.115281661361119
3.103801490014835
3.1085087908106
3.1024945470693246
3.114745408768856
3.0958312035258273
3.115360324154065
3.110218788491664
3.1128958563271105
3.078406335116153
3.106068529111402
3.098199455527107
3.1133635091669642
3.0914800840366574
3.1046299417075707
3.1056630635508653
3.097627978974048
3.082664971609929
3.1013028266110148
3.095616307741304
3.1307648415940377
3.1179176319356166
3.0946890773382796
3.1007956327101813
3.096550080292401
3.101462137220808
3.1075504767495676
3.0917253410318866
3.1065152552837163
3.0981760715441213
3.0923469818987184
3.101760673814377
3.1146587961383365
3.0959085179935504
3.1047435680767013
3.0855129857103303
3.108234004041393
3.1072828293661385
3.0808369288423654
3.110281067623084
3.1020516441240518
3.0899579833666464
3.08907996459933
3.113382656945885
3.0887967855656107
3.0951289145725944
3.0958795858292185
3.111855809426343
3.08889903512844
3.095663881945476
3.121753221129523
3.1028244053007725
3.097243956376665
3.1189894096670177
3.101607030681037
3.130588136884979
3.1034895062928785
3.0880932634363396
3.0882839556875177
3.093442089264568
3.118667697819911
3.104964458704648
