0.49887404031955696
0.49171523886781654
1.2283631696730473
1.5910640043187598
1.6057068679726614
0.49648777316897663
1.6308581273267118
1.5210202840156044
0.49171523886781077
8.881784197001252e-16
0.2931284138572756
1.5187201213113073
0.49171523886781354
1.578841038408755
0.4964877731689754
1.242059817509887
0.4917152388678162
0.5003162160919006
0.4917152388678113
0.6369790354712743
1.0062762275691064
1.0615137297638777
1.5661037393925286
1.5030959561979356
1.573849267260445
0.4917152388678111
1.605986264729026
0.6998640671875707
0.4917152388678131
1.5704299447464978
1.064839460453966
0.49171523886781376
0.4964877731689762
1.5761192575365799
1.2598013512948956
1.1160267918380988
6.661338147750939e-16
1.4972999976585248
1.5372566081696708
0.49171523886781554
9.992007221626409e-16
1.5679320121389497
0.19541894257151793
1.557266258897982
1.5379590325961447
0.49648777316897585
0.49887404031955673
0.4917152388678142
0.49171523886781177
1.205285149358816
0.49648777316897463
1.6945344934066613
0.6369790354712745
1.6059252106599153
0.491715238867813
1.1007239922951237
1.5151821259813603
1.1263796434377835
0.491715238867817
1.6139618333422576
1.6174434469422625
0.49171523886781154
1.1410281307988042
1.5890749148742076
0.6379404859861717
1.6280780374067492
1.1687445988386154
1.657093327342174
1.594685347782519
0.4988740403195563
1.5548975619413756
2.1094237467877974e-15
1.1533817105734097
1.064839460453964
1.57009600686379
1.6561343510479243
1.181938518748101
1.5294107636213248
1.5870260789674822
1.6653345369377348e-15
1.1533817105734123
0.4917152388678123
1.520329046339953
0.6379404859861737
0.96064256625585
6.661338147750939e-16
1.4722142040400235
1.4963151701373059
1.2212453270876722e-15
1.5543122344752192e-15
0.6379404859861706
0.6369790354712752
1.0701402340503918
1.426128297673359
1.5578199502768926
1.4687081798984871
1.5718096483395638
0.6557166037859059
1.0903743936036636
0.6557166037859097
