3.109611434690161
2.6557462578636564
3.1002649653687797
3.1013547652789133
3.1153802951263256
3.0698616456476953
3.096199534913597
3.096597730775881
2.296058089859443
3.1082855264843134
3.1125174195751466
2.0037480306669404
3.0918871308710205
3.0997370928223766
3.108254025962746
3.1023269246763174
3.0885594199449162
3.0957433441251183
3.1069384184199325
3.0898362706018694
3.0962064643315936
3.053563416797633
3.0795583144094825
3.0959816200027794
3.0919043696868367
3.0889650370178856
3.1038579343267836
3.079351023253024
3.1053750794397965
3.088981638966049
3.075336149177587
3.0838539050551854
3.1090411830449582
3.0938056170507364
1.614317804678203
3.085741004360727
3.080603227932293
3.0724383314883736
3.100709276930895
3.0925457706162613
3.0949670722301588
3.1015182148505835
3.108888387461838
3.083939942662165
3.091400405807851
3.109219969474527
3.105748013086029
3.094114903146813
3.08710399689701
3.083546247881244
3.0901576750638364
3.097676674401694
3.1047060593975315
3.07781479783598
3.0158958888396303
3.099473250864566
3.098742024972807
3.1031062713826665
2.2323636510166045
3.101085011583592
3.0944106590852463
3.121096949105066
3.1106472051599785
3.096284639440503
3.1075514022093804
3.1015988682317945
3.0525850662834606
3.0820301814410525
3.0890567186726794
3.1118791643329113
3.1102341388833206
3.096401640492715
3.0960360903566193
3.0765702655078346
3.1016363576037564
3.0782895011005134
3.1073429421824064
3.1173347879361026
3.1134555291524526
2.2881575502706255
