3.0991250225795106
3.12071875995742
3.119620189267675
3.088757842647827
3.1122778772982467
3.0892522874094435
2.244850256658752
3.102925194912359
3.0735029825286055
3.0961576031247158
3.1034808691793048
3.113116961491761
3.094838422366784
3.1024674266091687
3.1025021814505958
3.115121049249036
3.100926835549278
3.086433284385547
3.1001251215380035
3.113492982360199
3.107054144407937
3.094126361474744
3.0967883483370393
3.099979951334521
3.0962892916350375
3.1061659446959062
3.1033698725715864
2.2330384176795066
3.1116620863000315
3.105994327892976
3.1324397537995834
3.096767227727325
3.1118871080203436
3.086518480561665
3.1083836462170678
3.1231496943774633
3.1101885981513075
3.1021211286423545
3.107128537822063
3.0928533770190403
3.092807352996125
3.1170060838843234
3.0805601143273655
3.11797832095708
3.0951297050818605
3.0946275163879773
3.1389113238976565
3.110704937164373
3.0999614904764075
3.088563481505027
2.2781097864449285
3.1039888942063016
3.118547084122619
3.117717463738848
3.088258673384416
3.0836452559909677
3.0746982019833893
3.100855816241293
3.083747647744657
3.1062535616062346
3.109945015799086
3.1007887288859153
3.1008901760215513
3.112817734603752
3.10863610059243
3.1061354999094832
3.111706306800806
3.1084571916032337
3.081736745161756
3.113960738431938
3.108492245857532
3.110467365952196
3.1081539578548747
3.101423840229032
3.095171624518411
3.104181856471177
3.0954443034469152
3.103614506178037
3.109411303473901
3.0912766561735885
