2.702623464131661
2.8200534305832403
2.967745688106041
2.8048870269100186
2.8522092927599925
0.49648777316898096
3.0636565557959896
2.782815329399113
2.558586967073291
3.0660832035460612
2.0925739729618056
2.791878837257534
2.623250967836041
2.6957354802096236
2.322037935781822
2.242143490832216
1.5809663727489407
0.6367661294763916
0.8868855906117712
1.7605018813233797
2.8408139225500775
2.1290127484377264
2.9287959272346775
3.0749818489019836
0.9629455513681464
3.0724645387655922
1.3843183526594516
3.0878800561081956
2.3029682627603
1.8917461178207469
3.067024798963821
3.077457768148012
2.1006088587415896
2.9801532394775325
2.299855067441412
2.9200918964038522
2.8669675421510448
2.7966891024616416
0.49701281188492397
2.3709201432289526
1.4612285232581945
0.491715238867814
2.7393131199320515
2.972619177128825
2.8128412718161386
1.552904187437044
0.9606425662558464
0.6366596764789518
1.5977318450981262
3.1090694529937175
2.267831201226895
1.9829263623104478
3.0778799926573104
3.06602952021117
0.8867857932532315
0.4970128118849275
1.090374393603665
2.1401156298194492
1.487499048463018
3.0827257270734627
1.370040144119051
1.100723992295125
0.6998640671875802
2.1701755997544874
2.3236089099423696
3.057047402185781
2.997086718773509
1.7552380477980618
3.077733201983486
1.168744598838624
3.080844127142043
3.0741494442024013
3.081050102572025
2.8138173830945137
0.49701281188492796
3.0719961909892888
3.0408380733498674
3.0593961316334934
2.243153349388689
3.0885442298586496
1.9547474370521267
3.0469550803609855
2.9697444309016356
1.7534250031515155
0.49701281188492796
2.850478568958912
3.117948065625753
2.1657116528265075
2.0638998529823365
3.104472480376686
2.631094964379346
0.4964877731689732
2.31989015687869
0.636766129476392
1.6731439331484417
1.4969041090341895
2.2099777857063567
3.057266920889495
2.970448790637127
3.08129512032788
