2.4507619599154737
2.0622821099656097
3.0833234891531425
3.0280658283795834
3.000609768542706
3.0969500715469565
2.296866642871064
1.5499066747785668
3.1022337067535757
0.4917152388678214
3.092023302697594
2.457074607229168
2.320647937438041
3.071484429338956
2.863539783929381
3.07386331474169
1.5810130346224982
3.089420506182581
3.09594578619172
0.4917152388678131
3.112504176726499
3.072824255183951
0.8868855906117552
2.898841717241454
1.5701553746540697
3.031648116923104
2.17173795117289
2.7947420768236677
3.062788519793077
3.0967318860415687
3.105814284106798
2.1358554291006207
3.0699508998002933
0.636659676478952
3.0633927329599886
3.0921940458126103
3.0924949547860257
3.0514606143812517
3.110937200004373
1.6022421257492896
2.8141017771579544
3.0783120068729035
3.1093151609341874
2.167403861573399
2.278213155211899
1.4945420057858188
3.1057180118620673
3.0931272412451962
2.802013835121403
3.0502478655034433
1.5862594543921968
3.038083849037864
3.1060326606888022
2.2408713576908803
3.101717166131803
1.5561852769470477
2.304033621341707
0.4917152388678263
2.955064048015831
3.0820085037881597
3.099271303101649
3.0283925950689863
2.261671075884374
1.487499048463026
3.1104754953042026
3.094140562511135
2.787711134128919
3.089961854888166
2.201611917025947
3.053183125353889
3.0901700218183143
3.1172225743552557
2.183744188835108
3.0682712864704875
2.9561994675669947
2.3292480684123475
3.0990434909219484
3.085809982640464
3.0585260950169793
3.0728680738909238
3.0781231706740124
2.4269857264547365
3.099797728849555
2.3873482869774145
3.1186248937653422
2.915610689810368
3.092060359513359
1.5812031183782094
3.0942938913910583
3.1009646043731065
3.0877341242983634
3.0637138042517513
3.1102419881982137
3.098103461321811
2.9910345548063275
2.221876332922242
2.8158360083393092
3.0849016893981474
3.0117792946097297
3.0583790709108194
