3.070754616598295
3.115445314460644
3.0986968339850383
3.1186041454510502
3.084988282299751
3.117077384289351
3.1163508668910813
3.097795511444641
3.1316729788959026
3.1030043567403354
3.1059439726117386
3.095831817618808
3.112030179995153
3.099739932840686
3.091763554180817
3.082110020970731
3.1073133558053487
3.114669174402102
3.1213959929763697
3.089007804096979
3.0762912164706204
3.100708388070629
3.110072198997825
3.1115389364397146
3.1100353021782032
3.100795100702376
3.117473597885329
3.0966449401354854
3.1091785588577925
3.0837094768874884
3.110906320188626
3.111592531290641
3.106428412780841
3.1151241656642874
3.1035540242834188
3.094232553499508
3.103436755555584
3.1087349594458193
3.1126726007804484
3.0972940725119327
3.115661421355879
3.116068056607174
3.0831443159556025
3.0883505581133117
3.106797629458516
3.097331410133355
3.110119315463573
3.1150413548045175
3.099277766694827
3.11284852185322
3.1263090600502013
3.0941468392984195
3.0874508247205465
3.110524674927613
3.0911420945033075
3.127285166969375
3.11061396617275
3.098948508491376
3.097811219254181
3.107600624920449
3.1028211321672394
3.1117325888738576
3.111806495235529
3.086518828889572
3.097690634208623
3.0956730894110587
3.091588996179203
3.088760813945977
3.109764250789575
3.0898968592935705
3.1037728181845514
3.1136221850915704
3.1107487053606935
3.102243826335391
3.1026631599137673
3.0888727276639014
3.1112709228490796
3.0912486857314234
3.1071022499281575
3.099024356592791
