3.106001731889997
3.109040100544196
3.100537347033698
3.095166462771997
3.0937154541133767
3.1045478779363322
3.1186484073097014
3.097259036329895
3.085833213226399
3.0979600766016424
3.0917734747640955
3.122540713482079
3.0966452237947797
3.0930923735563423
3.126560423864263
3.117233973623807
3.0943814099238893
3.1114341873216946
3.099691643728121
3.1098409046744657
3.0891481418275433
3.117578102946355
3.094616634765091
3.08038625810897
3.1107094147825465
3.097311790698788
3.0764138411219197
3.0982185578888553
3.1004815967213304
3.09783854182359
3.0777069099934553
3.110473225324593
3.099607709266543
3.118039090659952
3.1125797156566346
3.114466009089176
3.1069968101427614
3.11401807806654
3.1049046066825907
3.0983375482026916
3.1059340454442856
3.1006442836666643
3.1182299752904434
3.1136794001475145
3.0932105277606508
3.0957352360646166
3.1106139551210563
3.1087538822395
3.0933088791857406
3.1131689186074576
3.093430599799429
3.1076969618376866
3.1041354593168458
3.0872877682445905
3.0973650902311327
3.1203753054497145
3.118181033731259
3.0855824225132458
3.0887858624947606
3.1009111219579006
