3.1201224305861275
3.0914926997620853
3.124162413713796
3.0851536776768183
3.0941778995642895
3.0981848534831458
3.095326963883646
3.0923607238248505
3.0968015127976036
3.100875692147468
3.1108784158835316
3.091420747897998
3.1091539508649535
3.0964901526865596
3.1206901836957077
3.124076473297344
3.10233266930732
3.1065427269872017
3.093410064187314
3.1130017495380358
3.110614895167301
3.0978896176556234
3.095827137520293
3.0998589385346227
3.0941823076132255
3.08938510441411
3.089361262542275
3.095623792896663
3.1137518087951324
3.097159717379493
3.128260686779444
3.1251169525761484
3.103117031810383
3.1101893121558266
3.0978337277011785
3.0922346502685794
3.1067581957578896
3.106561816223728
3.094045402199368
3.1319486415756703
3.107174907538231
3.116278444359499
3.0933081770784714
3.107211231899023
3.1062295642947264
3.1083826628709743
3.1107306919138815
3.116946704790294
3.1087437021456092
3.0987832598736706
3.090152478929961
3.1095803130653112
3.092596768144623
3.101849404175611
3.112688494028099
3.0962694741192505
3.0956186453370313
3.0898337149068924
3.1092294181923426
3.091124702023501
3.1085721017629604
3.102219125845603
3.0968984010365164
3.087788059967126
3.1148850379182793
3.097690114538415
3.107412047826414
3.082318157449288
3.096920552464615
3.095090472762608
2.3596016914707443
3.116899563092049
3.1074007482340935
3.112757461771213
3.0921222700337987
3.0963595134838022
3.103706520723965
3.0776446252608336
3.1040656904231136
3.113840620953365
