3.109540073771013
3.099165957924705
3.086708314372293
2.8746371284044767
3.085696502150253
3.0931374566638445
2.9190278515751475
2.902962343374529
3.0930130647700325
3.059587588098057
1.1208331804529958
3.0954564139432112
3.082907793873625
3.0910760076975192
3.0723522848305858
2.351531820688902
3.0274674285076406
2.8658255163419963
3.083978545789371
3.1107796832280883
3.056267551296466
3.10875864358841
3.1013250303692534
2.183762330443008
3.1106723920119546
3.0927548323921044
3.111044218585108
3.111409689534692
3.103804669749676
1.730637523845283
3.0992674232405957
3.0998566204546005
2.2570375661019857
2.1139072338589195
3.100583596425665
3.11139141367237
3.1090635463996876
3.0471892675927332
3.0909134903768285
3.1074677053274464
3.1131376236442403
3.074761483738388
3.097504038388439
3.087111198798889
3.0925749798810536
3.0477586070560188
2.8976597379560216
3.0954996625677427
3.0862922706306475
3.098855793253524
3.1183639902916482
3.1073842161375387
3.098210533606349
3.0912318183711127
3.0936875268752457
3.0851977470052234
3.1122062482056427
3.109368787322275
3.085342183013592
3.1141436790950836
3.0387831036829027
2.2581915990811976
3.1024580364728167
3.0642170877561443
3.066778604807537
3.0948774210649495
3.0597546244077103
1.5599109811598435
3.047443479884097
3.1117972569866343
2.8569798063945884
3.101154117521271
3.1044746335184317
3.093816770500421
3.105619722209573
3.0944960761023244
3.0614539340404345
2.9026642968147844
3.090040476258012
3.0413152497714373
