1.5674312945983373
1.6041966770362417
1.5787909185795694
1.580355890873749
1.6231467783704279
1.5922401567121476
1.5786247702752845
1.3913983532826515
1.533061241129908
1.6037071836339467
1.575375861537684
1.5806928059201213
1.6023114914885217
1.6046194329212349
1.5950024763214854
1.5815754328274534
1.5698152731474764
1.5763538162188206
1.6368114395001077
1.596153415503073
1.5796380821161913
1.5981636024069816
1.5875062913618816
1.585754089356684
1.5964209932147453
1.5828947731935576
1.60657204512603
1.582738217965419
1.611165047323345
1.5767075970703446
1.556593223484914
1.5910536420792667
1.6058253921793333
1.5744463261855954
1.6076475097334453
1.5756833553910492
1.5930450306747046
1.6042191208320884
1.580482574697367
1.5926639697001388
1.595388307375571
1.579869774656379
1.561943003844882
1.5676201679142525
1.5835791887039372
1.6059484589550692
1.6084611842589367
1.5944942131090714
1.5934221812840792
1.6191416274312336
1.620845570098259
1.5689920326513165
1.606605509018967
1.5974786646302435
1.5715776130723365
1.5570969187970718
1.5823133266812968
1.5800004496792681
1.615097707536545
1.5915951126620103
1.6035921734946497
1.582018952064657
1.598748528002758
1.6174652525900068
1.5617150626490681
1.5913932408070215
1.5834417971199168
1.5838096895146192
1.5773321414390629
1.5777488882593098
1.5987394054768869
1.581620516396892
1.5858406133877474
1.5299952064995779
1.6038679172208505
1.6131829242484566
1.570940167102834
1.595181811919149
1.591235824760742
1.5655878271926111
