2.122491425221105
2.4424906541753444e-15
2.28417571197677
0.4970128118849364
2.1573800944239694
0.49648777316897474
2.198320584964009
2.140115629819443
1.478123714382499
0.49701281188492463
0.19541894257152248
1.4777158514554596
2.9083301936633115
0.6367661294763929
2.0935439328200123
2.55351295663786e-15
1.6081297055276393
2.5249269287731253
2.101057693293519
2.331253447019842
1.061513729763884
1.9984014443252818e-15
2.14403639120855
0.4917152388678211
1.2357798452109345
0.49648777316897297
0.4988740403195756
1.0903743936036707
2.2521274940162552
1.1423447305566479
1.5751627512765438
1.866430141263001
3.0803614322967507
1.103428441933325
0.49648777316897297
0.4970128118849294
0.49701281188492363
1.478123714382494
1.1102230246251565e-15
1.4455326494837801
2.3470414313854193
0.6369790354712721
1.4778203943108557
0.49727533124290735
1.5661037393925308
1.4767035527191164
2.292735197336342
3.074258316075742
1.1102230246251565e-15
1.154395092424163
3.1086244689504383e-15
0.6366596764789534
3.0194085665123716
1.520607571423569
1.1102230246251565e-15
1.3322676295501878e-15
2.944171242495255
0.4964877731689732
3.0879588903352477
0.4970128118849263
1.3322676295501878e-15
0.6366596764789514
0.4970128118849245
2.836324521802539
0.4970128118849261
3.0233961092168773
1.1194014516627784
2.1625993702355495
0.49887404031956206
2.923707728383261
2.246966581259186
1.6942140099016916
1.4776777723166843
2.081655522455682
0.6366596764789505
1.5334143357464867
2.2342582867941942
2.0027263924897345
1.8873244577804642
2.001253486206573
0.49171523886782853
1.494542005785811
0.636659676478952
1.4780385473867552
1.6254408349077623
0.6369790354712814
1.1263796434377995
2.919220488681407
1.1252893152792185
2.2248336909227158
0.6366596764789543
1.1423447305566339
0.6366596764789527
2.287891936755738
0.6369790354712777
0.49701281188492386
0.49701281188492774
1.7045800941103413
0.49701281188492563
1.1263796434378082
