3.1012034558784634
3.0973875471606327
3.1174793373283927
3.095172159736239
3.1217956388707586
3.0963334166678127
3.096424688348952
3.1085721154661727
3.0877671082209615
3.110673313801273
3.120238201432064
3.1084355188613775
3.1046138158545347
3.0958893996961563
3.0969039283433313
3.1016545868094223
3.094176757102008
3.103493566477188
3.0996600330497324
3.1096872257896537
3.0964039162346233
3.106032913231725
3.1129858850494054
3.1025606672214847
3.0810489289389698
3.08705278481314
3.117977867203976
3.107193351044133
3.0974666698761717
3.08198850018961
3.115181358272083
3.121316160372199
3.091685649117397
3.092276251920957
3.1042474138720357
3.1236189274761195
3.10395095649188
3.0840077727327095
3.116777876412629
3.10784421878553
3.1151639080134474
3.1068295674177318
3.118540217948619
3.0948332018709768
3.0985716651108066
3.109566341466893
3.119985041505984
3.117039205620191
3.0942831714141965
3.0792142152340554
3.0872816011882676
3.1017800415671606
3.098567408088721
3.076515443417877
3.1067719423730256
3.098484281937373
3.0857697612404755
3.1249007229658097
3.108976752500567
3.113154943338476
3.082877403444507
3.0957400725839612
3.09716241446554
3.1024912544574965
3.101390182670526
3.1160202112218207
3.1152699110236832
3.094350992408166
3.076240433679436
3.0872140872765983
3.111216654965732
3.0877271509268613
3.1067232017703117
3.091307895886553
3.100064468226761
3.107282544811331
3.104257607280789
3.0993769796281048
3.0832254264019205
3.111752747915763
