1.5871911122760594
1.5940578986585603
1.6086780311890827
1.584669614390485
1.5848239424831685
1.5608325799644027
1.6103014874051786
1.58461728879045
1.5915124514319587
1.5968553930458849
1.6037702326980048
1.5720792768638918
1.6234312924347511
1.5959319819582105
1.5986859516294039
1.5967661787768233
1.5752458616159029
1.5894552435874472
1.57774431212603
1.5894954923417877
1.583157119826919
1.6116706374396683
1.6021083206297089
1.6031003130663621
1.5838130810811974
1.590525167944068
1.5794881404440768
1.613424636095079
1.5941150276810387
1.6038586181661816
1.5795327964050698
1.5925240056583974
1.5924365287365605
1.5690370295092246
1.596574387668091
1.592780771321709
1.5525116607643619
1.5769910816072876
1.5881947641717415
1.6038293752719284
1.6068975492624946
1.600135840864779
1.6267546767886825
1.619741269929576
1.5590200503274874
1.6190265187312733
1.583682490550487
1.5853541704456964
1.5839548864002762
1.5822726376338831
1.5734914490957808
1.6075027539390043
1.6197680321700716
1.622035758407152
1.599433800995052
1.6240698584018194
1.5722734776293215
1.613098979156994
1.5946416317048184
1.599969349014387
1.5565580913646118
1.5847349313014405
1.6122391644085936
1.5733785465053445
1.59720835432115
1.568784042969412
1.6119583300309213
1.5979241728787539
1.613061704511864
1.5958840500569225
1.6110923478164332
1.596525785033212
1.577144038701682
1.5889806030729137
1.6008531335246747
1.5487651435098426
1.5805838137980182
1.5706738294298175
1.6155027947173681
1.5670246830357795
