1.5809076667572852
1.6058413740714612
1.6213654265925945
1.5817983817279724
1.5875055850662303
1.2420598175098894
1.5599890365140316
0.4917152388678204
1.5451779518888764
1.5504271068025512
1.5656870851629732
1.6111471716779602
1.5713753144396563
1.605738433909937
1.634715333152967
1.1007239922951322
1.591122167685668
1.6020702527865462
1.596593913216985
1.600467567595838
1.5553711872231872
1.5877289238348093
1.5635335482928858
1.5637486970649022
1.4144569578150046
1.5915886528688539
1.601585763259512
1.5840202983343707
1.576856372381458
1.5881236194546005
1.5801994313598038
1.567584846738511
1.6018865894143786
1.565011301337842
1.5659969618351939
1.4749579318936255
1.5894173709402741
1.5829031104623845
1.5521351951940487
1.5961419320289774
1.5736370809175644
1.598203687422807
1.5738649281055683
1.5718621909074417
1.571105011041634
1.6163258597664512
1.5768151390931973
1.5930057008572738
1.5701429159948415
1.5978044525363355
1.5873270735763754
0.8868855906117514
1.6108125545358996
1.576787089841543
1.5754562319267413
1.6124776108761565
1.588448148828559
1.582310278983286
1.5972232226914018
1.5872758309619437
1.5580899929807734
1.5951013180739073
1.4668027813206006
1.6291681055913156
1.570595269424322
1.582336862396735
1.5983579733397293
1.600789579075184
1.5981556588976664
1.606860756807769
1.5570384510209045
1.5755424769012776
1.560403620922004
1.3312241784155572
1.5950926981355367
1.5889461407280612
1.6133391202998242
1.603863078412573
1.575161598018576
1.556722232668612
1.6056161837495515
1.6017176927055208
0.6649538575337437
1.5978327766836475
1.5797884157662145
1.5877293355919586
1.596340789022062
1.5746227679497595
1.5512833844722373
1.6113774115972985
1.5568921131888254
1.6013695200927511
1.5840801017240014
1.628700806893789
1.6035867798876389
1.5993047098833206
0.6369790354712781
1.1533817105734214
1.5983678638652
1.5920921627506845
