3.0885123721346046
3.122304442887029
3.1222252651883324
3.0922402750668367
3.1008138312481965
3.108089851190419
3.086779887479791
3.118806896076701
3.1038461162205757
3.0981696232962443
3.1044808699998057
3.1002221735121838
3.090784771991083
3.109582347713996
3.1059215609155824
3.1117492760994785
3.1078475498360962
3.0674902619571616
3.085730386150648
3.109710896577929
3.0779440412369596
3.0952190108763826
3.0945951809639016
3.117223984019744
3.082925832685933
3.112604538973712
3.0941497496988584
3.1015035361296426
3.101195115255696
3.12794517110985
3.085266341690885
3.103996496364303
3.1136415471961874
3.1166070419979945
3.1108791907303632
3.1110423564837006
3.0748898558806608
3.1184750010059417
3.1048449268324045
3.092234352992108
3.1151194601761416
3.0931591804128185
3.0946263887094214
3.0985828030250584
3.1071491276322534
3.1115171518783464
3.0959973214477885
3.116881808277153
3.0970724349994403
3.1054514785049006
3.112073596760285
3.102353740148625
3.1068647137054746
3.089405549808112
3.0887411351120417
3.095587897034899
3.0892320192533482
3.093897422683703
3.112567721916232
3.11073103417528
3.0946837063159305
3.0998347239585846
3.1000315803693113
3.1051873994378245
3.099029922547272
3.120289973763796
3.1146178385911196
3.130846474488747
3.0978153107515465
3.1146055619338657
3.112077859065481
2.9677668849742043
3.110768169697849
3.1084984478515487
3.0911049232194756
3.1051179603392405
3.095293192125439
3.0744647848925024
3.0809791997739016
3.1165229847533134
