3.101635071046621
3.0859505777548355
3.098331417432024
3.0945858718155277
3.131388187588514
3.08690561532712
3.109125053226099
3.1127866166740836
3.0929157447330455
3.119392666644827
3.118653150340712
3.094508422360695
3.078207603727124
3.087531284612091
3.0863480553919906
3.082236818858984
3.1070461535576013
3.094741631893094
3.1018320456779738
3.1136171956185943
3.100226352639545
3.107652995320283
3.1008449530021025
3.106792537206195
3.096030395782284
3.0864774814774263
3.124276209861109
3.0974607559661833
3.1055702109378536
3.1063771860070677
3.1000108564262794
3.1003415587639984
3.095460339240759
3.085809776944885
3.111389981454251
3.0899782990713502
3.1086880616017987
3.113679673254612
3.089809862286634
3.096419570585083
3.0975880675672993
3.0955121809352497
3.1056671265178504
3.0875594562476447
3.1227896633614156
3.091027512175491
3.105981496904393
3.08244938559987
3.1093042330297753
3.096656283969861
3.114412229734557
3.090761068455034
3.1083813497760158
3.0942715417018842
3.1057290017949137
3.088919207004019
3.1303242566803084
3.083198542475459
3.1174069257576473
3.090379807794787
3.1173151217061257
3.0827934445057674
3.104936553255905
3.1053084484388487
3.1047993273545615
3.09084782298952
3.0988754907476124
3.0756709237227846
3.086758350814699
3.106975736054826
3.091016397227123
3.1102273544522085
3.0861872862531214
3.0983359528180365
3.1113120110674872
3.114442682644171
3.086948959064672
3.10199899041878
3.1020126877322527
3.089937697515127
