1.5974600859963726
1.5906907758174422
1.570830666405684
1.5804520558623483
1.5962814367249227
1.5750735233975153
1.5716856052084975
1.6002826907330094
1.5606307352441644
1.6059630260722262
1.5575085071648123
1.6104366681693287
1.5822292012440844
1.6023040459546407
1.5749067580736273
1.6099811336103338
1.6170435559749272
1.5816971080925293
1.5955922895941255
1.5969720517096482
1.6087083752785207
1.6003528867029915
1.6117825830818338
1.5858903863815925
1.6157799446256775
1.6021086048284565
1.5911933203075375
1.5962861212096864
1.5759663674256026
1.6145761644238212
1.6156937097734576
1.6025731935230683
1.574748794309821
1.5945974182930502
1.5643539692275237
1.5965996910516127
1.5985071888607654
1.5923105498634835
1.5766665089573375
1.6394221782696365
1.596793731855271
1.6001817912346725
1.5949936409363712
1.6095116930757984
1.612247002305065
1.6068727834059495
1.59210546666076
1.5985011913014686
1.5830242871386595
1.5973166155763292
1.5836764786621056
1.6141430442866773
1.576777114646537
1.5783031746201899
1.589828399922352
1.5719358571583841
1.5933342339801198
1.6188223142475402
1.5861188026964386
1.584284924220932
1.592513046150446
1.613873187402738
1.5728425488327566
1.5772568130841091
1.5868608156171535
1.5738296597401673
1.5740007574519215
1.596915210568826
1.606526785002743
1.6034292607570344
1.5862458583662438
1.6102574189407548
1.5971251899902859
1.6060660028371654
1.5758348390044632
1.5903536569197487
1.60109481519875
1.5696285325355124
1.6259896666108489
1.5831952114263568
