1.5751955348248199
1.6101347321110753
1.5857777815054872
1.618056711589698
1.5962244278503168
1.5572233522447156
1.6007292581299835
1.5800935355740835
1.6057112274426095
1.5928655434210475
1.6356283699821406
1.5727145167084235
1.563966206324114
1.5834448444046214
1.5712487309206717
1.5325084224400842
1.603201955092381
1.6207923127786232
1.568536610324684
1.5871658505150723
1.61132572583002
1.5905564767912201
1.6168119084551464
1.5621852162519638
1.6157433320198287
1.5797789841477066
1.6387372389911654
1.5764614432492796
1.5982937716631462
1.5519675922292535
1.5732373141627645
1.57881612287503
1.5320290228192688
1.605948117072801
1.588587520973182
1.5917822181431776
1.5704318115871345
1.5910631455072193
1.5805169184859449
1.5718615750781093
1.5571698705197128
1.6013911684193456
1.5880481965136473
1.5776743803802225
1.630660560317633
1.5721611100709056
1.5812062955251722
1.5743531896254295
1.6141430641152974
1.5998825049464283
1.600524944960486
1.5990024938259766
1.5824368319433657
1.6050238238120698
1.5679133430764964
1.6061365564599654
1.5977266714011296
1.5978328314404604
1.576783291878849
1.5617812874398633
1.5559614602323024
1.5542506945411088
1.5617059193914513
1.598418172532722
1.6061760178383535
1.6232393851005988
1.6045364441020027
1.6103991340073551
1.5841839868912397
1.605510140025801
1.5698628303712812
1.570942544954503
1.6015042494284994
1.605779499652269
1.5922963884485095
1.5698963809666782
1.587725204316996
1.5859369536524222
1.6071634805452928
1.5915542885956966
