1.4432899320127035e-15
1.6121450887608177
9.992007221626409e-16
1.5990378217218901
1.3802339262369345
0.6369790354712732
0.49648777316897363
-3.3306690738754696e-16
1.9984014443252818e-15
6.661338147750939e-16
1.1263796434377875
0.6369790354712728
0.49648777316897263
1.567241539095452
0.6369790354712732
0.4964877731689732
0.6998640671875715
1.210485205582929
0.19541894257151982
0.2931284138572765
1.0615137297638775
0.49171523886781243
0.636979035471273
0.2931284138572755
-3.3306690738754696e-16
5.551115123125783e-16
1.1810561259161156
0.4917152388678132
7.771561172376096e-16
1.1263796434377837
-3.3306690738754696e-16
0.4964877731689734
1.572921010962252
1.625625596049498
1.56477252286787
0.4964877731689735
0.49648777316897474
6.661338147750939e-16
5.551115123125783e-16
0.636979035471273
0.49171523886781265
-3.3306690738754696e-16
1.3877114828968704
0.19541894257151915
3.3306690738754696e-16
1.4449089983298078
6.661338147750939e-16
1.3322676295501878e-15
0.49648777316897574
1.0903743936036627
0.4964877731689742
1.070140234050388
1.1102230246251565e-15
1.1263796434377848
1.2212453270876722e-15
0.6369790354712719
3.3306690738754696e-16
0.49648777316897574
1.1263796434377864
0.9606425662558451
0.49648777316897297
0.49648777316897297
1.3214960465937138
0.4964877731689731
0.655716603785905
0.49171523886781365
1.1007239922951244
0.4917152388678131
0.6715243237109221
0.4964877731689753
0.4964877731689772
0.4917152388678131
1.3844265068023458
0.49648777316897696
-3.3306690738754696e-16
0.6369790354712745
0.4917152388678131
1.7763568394002505e-15
0.29312841385727584
0.49171523886781265
2.7755575615628914e-15
0.19541894257151782
0.49648777316897386
0.29312841385727506
1.1263796434377857
1.1263796434377864
0.29312841385727517
-3.3306690738754696e-16
0.4964877731689772
-3.3306690738754696e-16
0.49171523886781165
0.48883088732312674
0.49648777316897297
1.4432899320127035e-15
1.6330943586269706
0.49171523886781165
0.4964877731689731
1.3877114828968733
0.4964877731689731
1.2085548862248385
0.4964877731689732
1.1533817105734123
0.4964877731689732
-3.3306690738754696e-16
0.6649224309378541
1.887379141862766e-15
0.4964877731689752
1.4560701650741479
0.4964877731689733
1.3802339262369328
