1.5911077356399055
1.598159825158675
1.5847496154980978
1.5998789317326816
1.5983232506569567
1.5666200557294938
1.5908790601013658
1.5673727994555455
1.6018220278628394
1.5867176093313216
1.5760252145967337
1.5675286180528656
1.5844584785735316
1.582495538036071
1.5776748721556806
1.614171042134049
1.5921033903807555
1.6026420834626762
1.5987557143046818
1.5602463364022991
1.570659102073051
1.6007917390452469
1.581779168337893
1.594222614402708
1.5814136691761402
1.6098813640533045
1.5850624132842266
1.583440988666252
1.6046806859445373
1.5984856761458288
1.58405829827349
1.5586731994659235
1.5984715997989354
1.6375170580402085
1.6017838369978237
1.5618502820744165
1.564895368650793
1.5928215834424826
1.5908242239879824
1.5682176810203514
1.5925602560314083
1.5746459726976263
1.640076082292115
1.5989554698477986
1.5776042840677187
1.6014441461727453
1.600834603045822
1.5953417841231126
1.6140912021359224
1.5751484823275796
1.5730396840084144
1.5981280825135045
1.5920529878107788
1.559146845507617
1.5774907477294509
1.5625191942945054
1.6032362419916666
1.5731599239923848
1.597235066406249
1.6228390350786195
1.5887763413756306
1.5524861559773857
1.581402154076612
1.611558368424633
1.5954718961133678
1.5790955364292167
1.599238225224103
1.5991723691955992
1.636707830732738
1.5909034297955982
1.5967632807577865
1.5595608579083762
1.5873832726689758
1.5748821589537352
1.5999729916636403
1.586250604900322
1.5777711394777967
1.6153450275606853
1.5776763602459862
1.5999515995774694
