3.115232846996047
3.0982339815423536
3.107038031198978
3.1000811189091855
3.1185259927793814
3.113900919310165
3.095257805844546
3.113545888087533
3.1068511012049984
3.1022247905707165
3.094929961128725
3.093474763048501
3.1015419892805514
3.1055145184822623
3.0859994145133336
3.105086919482557
3.088570516624073
3.1037269468675275
3.1180366299307827
3.1058503112051326
3.124232452974361
3.0955068200489513
3.0972392434684552
3.1035410439799644
3.091337136385083
3.096648844671883
3.104523932788536
3.0948789943066384
3.115378640148808
3.1160533026401214
3.095536572592727
3.0847924877599224
3.0924062152089484
3.104175245248173
3.1082480346453996
3.0838993159000347
3.1068233192639827
3.1063669589439424
3.1070574661460006
3.089147183934026
