3.103418413302105
3.105976400343636
3.1214686658276753
3.106164824522642
3.107927732159927
3.096826991658042
3.1003869631933894
3.0937051737675767
3.0808146432255312
3.0976155360959257
3.098980708247178
3.1014580763781465
3.0925329368443597
3.0816290721533535
3.106016145294361
3.10410107740936
3.1009821566862397
3.1109807436459973
3.029188017984708
3.1038334895928523
3.105248173346457
3.1008590755865413
3.1008066958669627
3.1088455805707476
3.1156931882559125
3.107918561664576
3.106547263095504
3.0998334409485255
3.1113829925697836
3.114219281357757
3.10107869900741
3.1055332837117313
3.0630745626555504
3.092714905794101
3.102367831723255
3.0994750137679263
3.1053177024627696
3.073816720769671
3.082501038239088
3.1121057639868024
3.0946201378661344
3.0850955198144656
3.0984304837401355
3.1067008986411393
3.07938212927201
3.079626493374319
3.1138755231042237
3.1142254839165
3.0948780905116737
3.100996346660707
3.1019381842964
3.1202892620951483
3.1136512931853026
3.074712019136028
3.1002821030809637
3.1051780182242323
3.0845536555651583
3.0790438100067052
3.110678002096286
3.0895999259330402
3.1024291253230376
3.093340080628784
3.077741798340971
3.0936083910730185
3.1197252448784107
3.102719435875456
3.0937848598623114
3.093004808911131
3.112741520024191
3.1143665718375324
3.108118818985563
3.0953010752706973
3.1018875851587855
3.090267921810615
3.1064872510670902
3.0947008482414198
3.10995568554797
3.1107005044937712
3.0989068930174475
3.108269577800032
