1.604155142618457
1.6027470792600433
1.5828226898513065
1.6073427879622844
1.5941475254087036
1.590341516089742
1.580628019235415
1.5634353401516874
1.5739186776902647
1.5682994343561347
1.59225454007696
1.6010021150003864
1.5846667995444723
1.6005920082577467
1.5921905731193284
1.6053510143737162
1.6361034940402162
1.5796191715376593
1.6097581291178469
1.6128496421789924
1.590706946544981
1.5665644769513603
1.6053639520183691
1.5631363523955968
1.597143055415403
1.606211125775347
1.5901555792196103
1.6017242886814413
1.5721998408673086
1.5981713973649545
1.616053068277818
1.6070895480822758
1.5911476088006884
1.6151751558972531
1.6141788402876114
1.623876188516162
1.5931613199401542
1.619242776109108
1.6329522194388724
1.6093693609426225
1.626953205660631
1.5959321552623447
1.5960165723002624
1.6143938549587271
1.610989466774297
1.564690525154521
1.5959988714423021
1.5813866194351447
1.605051840801615
1.6216234051133402
1.6099676363212163
1.5561361890668355
1.583011819682429
1.5967282472053395
1.576689090750652
1.5992860585552076
1.5991682618577343
1.5795829125087768
1.5872297414051606
1.5861013133398973
1.582835115951807
1.577253621998357
1.610138729673083
1.5715592347092735
1.5727204615964587
1.5846120364341387
1.6035182080545258
1.6158543785592405
1.5890317147301096
1.5918852854382344
1.561759621220566
1.593189356576168
1.6087991173456517
1.6152321239277279
1.598916373066876
1.6250821571045253
1.6039219011194485
1.5594658165940651
1.6098041769147553
1.5952932290147728
