1.5691024302751155
1.5609883878640431
1.5766283212342422
1.6042679426982853
1.589084647748213
1.5277134016637066
1.6023442796825442
1.6018695807177346
1.6151179354830152
1.5854754446641302
1.580812899370665
1.5807748332853806
1.5627678476424092
1.6166056307703855
1.5804683230105345
1.6060214804465183
1.601841871234714
1.6104923064655985
1.6044525145559931
1.603439664313664
1.584801775915209
1.5826719628567059
1.5955454505909734
1.6177079561854404
1.5810740183339065
1.6011869597239134
1.5659585980853459
1.6180239294163936
1.5801485007685376
1.5934536734108953
1.6014104756508818
1.5717209173824198
1.5736488718350752
1.6085463918827334
1.5769254143893177
1.5766917765192785
1.5956249034050831
1.5892313674674656
1.5299914067209541
1.5642673404043759
1.572543564769267
1.6178228232420668
1.5539892049120834
1.5774471461666542
1.579195023234584
0.49171523886781454
1.5867511869195359
1.5661882730621755
1.5848653041959326
1.5811915382217672
1.589645493139396
1.5684078708624476
1.5616869593110518
1.5270939232760377
1.5858670144530649
1.6330090245080728
1.5854166966411802
1.579440729296222
0.665920967753473
1.5672642993156254
1.3804502345227487
1.5318942612872717
1.6165985133268896
1.5768163917427245
1.567977386139269
1.6011528654903104
1.5802698762660663
1.5956777055305977
1.5772385206871635
1.6062182993442065
1.6141085120933734
1.6130871876390507
1.5631653473802705
1.5911204318260088
1.5284621375928413
1.6062337447949484
1.6025681314205995
1.6088992461461462
1.6181535435656453
1.5703350587745923
