3.108439066717778
3.100923207526517
3.114502963491528
3.09175590795518
3.1037708984635684
3.0997152716086918
3.111204032541341
3.0906977135357057
3.075499759604474
3.0733242797191207
3.0955160783577247
3.1021900744349957
3.111843265957034
3.1062727997263324
3.119199044350915
3.112851501809102
3.096534654066935
3.0939255830943018
3.1073382194328567
3.110757188130592
3.1209645680151685
3.1165893013031623
3.0988714611271746
3.0945830423909375
3.115354647506654
3.092934320014669
3.084385199467861
3.114452849827596
3.1060541852335355
3.120378603712651
3.1113949682582787
3.1129311646471356
3.089125740708779
3.1126018472119603
3.0962083249129018
3.085874222541947
3.0988784578413253
3.1021533653232516
3.1200287376086893
3.080108950242463
3.105364716413001
3.1104097781981728
3.091498559936382
3.109492614346643
3.1038369432026243
3.112400248069796
3.100308272008817
3.113679757494423
3.0963780055785666
3.114269606366528
3.1183101631303534
3.11550700714714
3.1034976948514355
3.1022217772788774
3.1008201454917876
3.109254533979611
3.113167560732615
3.107196653645976
3.122268977213096
3.0831102733948406
3.0993542526177564
3.100773831481579
3.103245766120498
3.105378894026378
3.112426431607725
3.1026783878073667
3.102512388326372
3.1036151551501985
3.1027897576063195
3.0891981511119377
3.099617266829982
3.096867149484558
3.0941069322503263
3.102509913553283
3.0996448637785217
3.1105377698901098
3.1038438658884244
3.0929845361213553
3.104787951980038
3.1008639516316463
