1.5856894807835356
1.5475428003249463
1.5901185186908293
1.5581163311746193
1.5704485544642628
1.6000706577344297
1.5552188447616406
1.5745750759775938
1.605774863657861
1.5440470271069207
1.5595914750786144
1.5883014221592182
1.6021657201789559
1.5951285811946452
1.5709405034786021
1.6054883842467325
1.5945782213487463
1.589818082631533
1.5898118772309813
1.6052313152045428
1.5955485325161693
1.6007274029028236
1.5618514874711757
1.5964688961953226
1.6055033422132499
1.5665306005787847
1.6098650929875191
1.5968766354200117
1.615343436171052
1.5949971816400454
1.5992742076875666
1.5728490520222533
1.618769637291197
1.594130628642779
1.5782191870003683
1.5607447012053624
1.6040527593823861
1.6046367980831722
1.581384884276702
1.55388426718654
1.5765719777121978
1.5550533213866315
1.584414959869303
1.5711966217083493
1.5848214419036872
1.6025938418682104
1.5769195088532775
1.5414386521445231
1.571309116196586
1.6176178597544109
1.6028457716252573
1.592521305331938
1.6011713283971152
1.5635053084312833
1.6015549964227431
1.6135287788715358
1.6063600823655664
1.5900270777628416
1.6254901338662773
1.5932953014312954
